2414763
8033282
3319412
7254547
5587829
3240019
6900238
0905393
7295852
5590770
6733707
7019624
5408256
9601775
7599058
0529587
3105361
5892507
2322248
3574075
0667444
8463297
7844694
9648839
1089154
4047260
8575006
0279593
5015367
0815242
6522265
6572737
6884351
1525464
0619170
9151014
3723109
4502990
8375318
9349392
1314379
0122252
9213350
9896024
1817266
7939033
2973707
0281578
8626040
8374056
8887347
1488327
1718786
6279110
4142385
1243199
9870422
9298199
7097431
8640975
7339262
0249019
2397759
1348969
6679383
1068857
1208087
1780374
9200971
0392864
0194202
5486243
0236716
8287252
2848406
1684749
4996993
8157000
3609427
6919948
2329756
8210804
2112953
3313313
4104923
6954973
0572415
0374869
3877269
9959681
1477254
1824849
4342375
9570629
0133666
9285669
2495357
9365232
7595884
5959479
2450018
9167886
0617792
5143919
2485803
7781164
1771428
7710812
2155018
6832626
9956006
9266400
2026978
8567501
0235780
6257989
6114817
3691741
7277454
6140362
2704273
7267080
8896111
4794984
6903071
0040342
2161829
2339106
6275693
1429753
2029530
1529930
6292653
1871356
6321893
5524976
5782436
7410423
1436254
5176129
4343228
9105898
6812993
2731636
7522622
7660021
2623720
7042016
9488917
8612219
1118692
8027228
3420919
0784040
4069794
8243850
3897766
5041739
0567011
4845525
3122911
7465532
4568680
9492838
9775992
8396339
6175366
2035849
0541355
7940296
6692902
0333004
8898236
7943530
2622340
4398157
7001901
3084722
5849016
3783380
5747497
9674535
8815134
3127942
8475340
1715741
7658543
5158578
7694469
5274502
9827682
1993795
9822873
8870311
5269601
7408638
7569546
2707490
3115966
3862237
5731985
4634168
0508801
6798176
3509806
9685161
5023719
8183058
2959675
7780428
0336636
6735673
9745482
3895341
6671304
0152429
3613646
7190362
8376783
2095213
0405513
0517598
2528672
3607877
2268035
1850827
1928167
6529132
7711149
6860631
9192367
1196490
0225930
5563182
8927855
5187574
3743133
3871808
4039962
0702539
9786757
3607419
8400599
4616507
4656665
3999243
0000425
7080582
8097852
0303156
2943811
7142809
9062717
2034865
6720333
2937944
6799908
9070369
5909618
2408219
2071253
3269191
2476900
3746496
0259781
2622050
7052107
2374360
2452682
5104903
9784348
6776097
7650505
9208468
0996258
7980578
6316838
8441139
0182114
7797145
6252259
3673006
7493177
3573511
5870838
5936403
1362929
2481778
3510959
2759924
7960895
6354436
1366091
8380170
9001405
3127159
5362261
9152076
3122495
3775202
3940768
3078300
4382471
8930067
7353114
5116345
0139487
9814821
4309952
8610049
7001345
9429220
2034204
5109858
7679306
6603676
2641735
2472757
3545944
9284842
2625905
4682619
9712971
8947637
6896310
5756058
6563888
1338701
0214928
8593683
0186356
2776799
5273689
8423941
8061077
8021140
0788200
8415678
5956814
8684348
9156498
1923466
0490795
7595810
4046788
8842741
8008910
8946108
9727264
8768134
6012104
7546554
0465585
0675801
6369211
3936271
8156253
6961072
4885712
6222715
2604395
6325406
8883715
5421218
3700437
1548842
5304237
1525352
8853311
0261343
8325542
8362321
0172608
3821325
2151336
8631709
9658380
7975317
3537358
8730403
6204370
2312063
6955138
3456756
6059012
6488102
9627859
5416814
1900922
7103886
3959876
1961537
9389460
1980515
2088241
7429773
1374797
8352787
4355483
6093470
5268876
4752736
4947682
8501014
9404378
9800002
7207430
3647802
4682871
0086170
7457538
7520434
7056165
0179984
0354084
7054820
8410212
3268940
6304159
1677416
4458373
0723271
3579767
1266939
0035524
1116122
4925238
1160284
9947342
6411958
9271192
9937831
6517489
7126683
7619881
5960020
5643512
8711196
9768607
2962677
8671974
6567523
9245598
7105679
1390961
9704237
0421080
8746561
8898934
9038687
8414766
0261635
5849430
5560545
9597094
2127033
0456736
1334359
7127934
0114754
3809098
8285593
4485885
7475953
4219964
7027191
7051754
5607147
6799928
1664801
2237343
3744921
1437875
3822224
2580140
6633193
3318338
8157316
2437132
8507117
7548481
6959640
1117651
6276942
6668291
3975258
2277404
8742940
9527371
6275916
5402939
6110045
2741048
7671362
5351920
6144515
8743632
0129493
4274712
2779629